1.000000000 0.000000000 0.000000000 0.000000000 0.000000000 1.000000000 0.000000000 0.000000000 0.000000000 0.000000000 1.000000000 0.000000000
0.999041915 -0.000562054 0.043759588 0.045909453 0.000664021 0.999997020 -0.002315664 -0.020639101 -0.043758161 0.002342503 0.999039412 1.025978327
0.996031821 -0.004726658 0.088871375 0.138705194 0.005397828 0.999958634 -0.007313345 -0.038978092 -0.088833138 0.007764036 0.996016204 2.051136494
0.990873456 -0.004183759 0.134730831 0.269899070 0.005781463 0.999917507 -0.011469422 -0.060052395 -0.134671733 0.012143686 0.990815878 3.059867144
0.983536839 -0.001322747 0.180702537 0.450126827 0.003820150 0.999901891 -0.013473196 -0.093609899 -0.180667013 0.013941696 0.983445525 4.083619118
0.974023104 -0.003885014 0.226415902 0.687158227 0.007100364 0.999885082 -0.013388406 -0.124847889 -0.226337880 0.014648251 0.973938704 5.085849762
0.962316275 -0.004249812 0.271899879 0.959210396 0.008580047 0.999854505 -0.014738961 -0.153214648 -0.271797717 0.016516453 0.962212622 6.095793247
0.948768735 -0.006998601 0.315893680 1.286074281 0.013116593 0.999765217 -0.017245213 -0.187890768 -0.315698922 0.020505173 0.948637784 7.084214687
0.933590233 -0.008514746 0.358241111 1.659113884 0.016486034 0.999679625 -0.019202653 -0.217579663 -0.357962936 0.023833381 0.933431506 8.042670250
0.916337192 -0.008612718 0.400314599 2.070554733 0.018127024 0.999635875 -0.019986490 -0.251055926 -0.399996758 0.025570881 0.916159689 8.970468521
0.896804392 -0.008936218 0.442336887 2.516587019 0.019114513 0.999644995 -0.018558107 -0.287182033 -0.442014039 0.025098048 0.896656930 9.869559288
0.874978244 -0.009119314 0.484076202 3.014294147 0.020100024 0.999644816 -0.017499331 -0.329065800 -0.483744711 0.025041480 0.874850810 10.766052246
0.851006985 -0.009320780 0.525071621 3.550458908 0.021030605 0.999645293 -0.016340090 -0.363018155 -0.524733067 0.024948101 0.850901186 11.636396408
0.825577497 -0.009900439 0.564201832 4.134299278 0.023034472 0.999603987 -0.016164826 -0.405372441 -0.563818395 0.026341410 0.825478613 12.474681854
0.798259556 -0.011590746 0.602202058 4.747504234 0.026377412 0.999528348 -0.015726853 -0.437954068 -0.601735771 0.028438643 0.798188746 13.281271935
0.769440472 -0.010424851 0.638633311 5.414154530 0.026988572 0.999504447 -0.016200872 -0.470368326 -0.638148069 0.029701404 0.769340694 14.098520279
0.738888979 -0.013630031 0.673689425 6.091462612 0.031817246 0.999385953 -0.014677014 -0.503502488 -0.673075616 0.032279626 0.738868952 14.830312729
0.706925213 -0.012947134 0.707169771 6.839332581 0.032368328 0.999377072 -0.014060155 -0.534801066 -0.706547260 0.032829378 0.706903994 15.572315216
0.672873914 -0.011481973 0.739668012 7.590390682 0.033154402 0.999342918 -0.014647520 -0.567710042 -0.739013910 0.034379184 0.672812521 16.252248764
0.637191415 -0.012812264 0.770599067 8.387593269 0.038190018 0.999158442 -0.014966108 -0.594876528 -0.769758821 0.038965467 0.637144506 16.917564392
0.600580633 -0.011397463 0.799482942 9.175402641 0.038583640 0.999146700 -0.014740590 -0.625090063 -0.798632741 0.039699875 0.600508094 17.502393723
0.562867820 -0.010198466 0.826484025 10.036098480 0.041166518 0.999028802 -0.015708411 -0.655258775 -0.825521111 0.042865224 0.562740982 18.087865829
0.523869455 -0.008207684 0.851759076 10.879452705 0.045731787 0.998782337 -0.018502649 -0.678809047 -0.850570023 0.048645437 0.523607016 18.610366821
0.484995514 -0.007187505 0.874487102 11.765695572 0.047050178 0.998732328 -0.017885597 -0.705272436 -0.873250067 0.049819205 0.484718829 19.097999573
0.446602196 -0.009115945 0.894686162 12.672592163 0.052503932 0.998492002 -0.016034868 -0.730782509 -0.893190801 0.054135758 0.446407348 19.543390274
0.409906298 -0.009679697 0.912076175 13.601062775 0.056263581 0.998307824 -0.014691186 -0.754761755 -0.910390675 0.057338689 0.409757346 19.943271637
0.374490470 -0.007138547 0.927203298 14.548713684 0.057649605 0.998215020 -0.015598981 -0.781949282 -0.925436854 0.059294570 0.374233603 20.322422028
0.341313839 -0.008140016 0.939914167 15.505681992 0.058227342 0.998225212 -0.012499252 -0.806486607 -0.938144147 0.058994871 0.341181993 20.662536621
0.307900012 -0.009659215 0.951369703 16.499698639 0.060738679 0.998108268 -0.009523633 -0.827870250 -0.949477971 0.060717266 0.307904184 20.982368469
0.275379330 -0.009543409 0.961288273 17.499198914 0.061334454 0.998088002 -0.007661684 -0.847952485 -0.959377050 0.061069977 0.275438160 21.261102676
0.243115827 -0.006748240 0.969973743 18.501085281 0.058774307 0.998240948 -0.007786393 -0.869572043 -0.968214929 0.058902528 0.243084818 21.515567780
0.212298065 -0.005257996 0.977190793 19.529371262 0.058502339 0.998260319 -0.007338471 -0.886118591 -0.975452125 0.058725905 0.212236330 21.738193512
0.181894347 -0.004997493 0.983305395 20.574398041 0.060626715 0.998141587 -0.006141990 -0.901827395 -0.981447339 0.060731761 0.181859300 21.924554825
0.151248008 -0.005248271 0.988482058 21.648157120 0.062231727 0.998052776 -0.004223017 -0.918408871 -0.986534953 0.062153660 0.151280120 22.081541061
0.120620973 -0.005959310 0.992680728 22.732084274 0.060659122 0.998157561 -0.001378521 -0.931626558 -0.990843594 0.060381427 0.120760217 22.216876984
0.091592200 -0.006444552 0.995775700 23.821535110 0.061291907 0.998119473 0.000822045 -0.945167243 -0.993908465 0.060957693 0.091814980 22.308866501
0.064640366 -0.006116008 0.997889817 24.942644119 0.063978627 0.997949421 0.001972024 -0.948422253 -0.995855570 0.063716143 0.064899109 22.372074127
0.039882883 -0.005460540 0.999189436 26.066432953 0.068317793 0.997659862 0.002725260 -0.952469110 -0.996866107 0.068153724 0.040162612 22.401336670
0.017391577 -0.005010266 0.999836206 27.244287491 0.072616808 0.997352898 0.003734694 -0.954312801 -0.997208297 0.072539963 0.017709371 22.408315659
-0.002670589 -0.005243664 0.999982715 28.399913788 0.078163646 0.996925712 0.005436381 -0.956289649 -0.996936977 0.078176826 -0.002252515 22.398805618
-0.019885693 -0.005846419 0.999785125 29.589481354 0.082722746 0.996544600 0.007472821 -0.955301106 -0.996374190 0.082853571 -0.019333350 22.357255936
-0.035447054 -0.005642218 0.999355614 30.805013657 0.085970752 0.996259928 0.008674115 -0.952803433 -0.995666862 0.086222827 -0.034829415 22.302698135
-0.049887225 -0.006376169 0.998734474 32.007793427 0.088057071 0.996057332 0.010757566 -0.949557066 -0.994865358 0.088482291 -0.049129069 22.251625061
-0.062682405 -0.007503774 0.998005271 33.221645355 0.088263862 0.996011794 0.013032436 -0.947315574 -0.994122863 0.088904709 -0.061770111 22.160308838
-0.074569345 -0.007203184 0.997189760 34.425434113 0.088095859 0.996016622 0.013782470 -0.940582335 -0.993316948 0.088876039 -0.073637716 22.071191788
-0.085931443 -0.004549165 0.996290684 35.649787903 0.087950848 0.996050894 0.012133952 -0.937640905 -0.992411435 0.088667296 -0.085192002 21.974906921
-0.096020915 -0.001095547 0.995378733 36.875083923 0.088413082 0.996037304 0.009625192 -0.927561879 -0.991444945 0.088928714 -0.095543563 21.857519150
-0.105226301 0.001426168 0.994447231 38.141906738 0.089789465 0.995927989 0.008072680 -0.923404574 -0.990386426 0.090140358 -0.104925886 21.726776123
-0.112650782 0.002442970 0.993631661 39.430820465 0.089606702 0.995947361 0.007710298 -0.915382206 -0.989585996 0.089904636 -0.112413138 21.584821701
-0.118220106 0.003272672 0.992982030 40.736789703 0.089416593 0.995967090 0.007363040 -0.905928254 -0.988953352 0.089659512 -0.118035965 21.431003571
-0.123031273 0.004930589 0.992390573 42.062805176 0.090723552 0.995856166 0.006299613 -0.899217308 -0.988247216 0.090808228 -0.122968778 21.266845703
-0.127824157 0.006239816 0.991777241 43.402431488 0.089419536 0.995980144 0.005258485 -0.897176027 -0.987757623 0.089356422 -0.127868280 21.101125717
-0.132231727 0.007343343 0.991191626 44.779247284 0.090070724 0.995924592 0.004637646 -0.887808084 -0.987118006 0.089890599 -0.132354245 20.931842804
-0.135691702 0.006234876 0.990731418 46.182479858 0.089574598 0.995962024 0.006000446 -0.885419548 -0.986693561 0.089558572 -0.135702297 20.756454468
-0.139116049 0.003734353 0.990269005 47.605739594 0.089774944 0.995922685 0.008856187 -0.884641886 -0.986198246 0.090133391 -0.138884082 20.569433212
-0.140209839 0.002807337 0.990117848 49.024810791 0.090275913 0.995866954 0.009960267 -0.880315423 -0.985997617 0.090780303 -0.139883831 20.354042053
-0.141551793 0.003464734 0.989924788 50.448574066 0.093143083 0.995604217 0.009834151 -0.874188125 -0.985539138 0.093596697 -0.141252279 20.154062271
-0.143083632 0.003423162 0.989704669 51.964942932 0.092569329 0.995656550 0.009939194 -0.851048946 -0.985372007 0.093038432 -0.142779082 19.914918900
-0.143945828 0.005164237 0.989572108 53.439811707 0.094601944 0.995478332 0.008565998 -0.831989825 -0.985053360 0.094848484 -0.143783525 19.707340240
-0.143709436 0.005312422 0.989605606 54.927913666 0.094356366 0.995503545 0.008358244 -0.823138952 -0.985111415 0.094576769 -0.143564478 19.484735489
-0.143200740 0.006667401 0.989671171 56.447395325 0.094005324 0.995547831 0.006895131 -0.815593958 -0.985219061 0.094021767 -0.143189907 19.269451141
-0.142355368 0.006367422 0.989795148 57.987098694 0.094473243 0.995501518 0.007183300 -0.809892774 -0.985296786 0.094531730 -0.142316535 19.052227020
-0.140686423 0.005213886 0.990040481 59.550304413 0.093755908 0.995562434 0.008079906 -0.806845069 -0.985605001 0.093958877 -0.140550941 18.830713272
-0.139602914 0.005994042 0.990189433 61.135559082 0.094691187 0.995479763 0.007324069 -0.798559487 -0.985669613 0.094784640 -0.139539450 18.609817505
-0.138733268 0.006729807 0.990306854 62.732238770 0.094472580 0.995506406 0.006469635 -0.789124787 -0.985813379 0.094454408 -0.138745621 18.398128510
-0.137533531 0.007249826 0.990470588 64.341499329 0.095449887 0.995416284 0.005967833 -0.785756230 -0.985887408 0.095361069 -0.137595117 18.168807983
-0.136778057 0.006834548 0.990578115 65.958663940 0.094950035 0.995462477 0.006242367 -0.784168363 -0.986040711 0.094909266 -0.136806428 17.947757721
-0.135386169 0.005596248 0.990777075 67.611381531 0.096760228 0.995278716 0.007600271 -0.771002889 -0.986056924 0.096896783 -0.135288507 17.714019775
-0.135027602 0.003589954 0.990835309 69.305763245 0.099037550 0.995034516 0.009891333 -0.767474174 -0.985879779 0.099465512 -0.134712711 17.474969864
-0.133930951 0.004735169 0.990979314 70.995338440 0.100516886 0.994896173 0.008830984 -0.759880424 -0.985879660 0.100792915 -0.133723378 17.240798950
-0.133576676 0.006493439 0.991017222 72.680732727 0.102234304 0.994733691 0.007262108 -0.749883294 -0.985751212 0.102285981 -0.133537099 17.017742157
-0.132557139 0.006557459 0.991153717 74.386886597 0.101424307 0.994818628 0.006982807 -0.740338266 -0.985972464 0.101452664 -0.132535443 16.788280487
-0.132827967 0.005846800 0.991121888 76.132858276 0.101769619 0.994777620 0.007770574 -0.743402123 -0.985900462 0.101898238 -0.132729322 16.556182861
-0.132370710 0.004744826 0.991188943 77.865417480 0.101750359 0.994770944 0.008826522 -0.736359715 -0.985963941 0.102022216 -0.132161304 16.320297241
-0.132623047 0.004892378 0.991154492 79.588272095 0.102907069 0.994651496 0.008860009 -0.731501520 -0.985809982 0.103171840 -0.132417172 16.103713989
-0.132479787 0.004690103 0.991174519 81.360221863 0.103797778 0.994556189 0.009167445 -0.720950127 -0.985735834 0.104096211 -0.132245436 15.863007545
-0.132332370 0.006045211 0.991186976 83.113502502 0.104504131 0.994493186 0.007886868 -0.707818985 -0.985680997 0.104626805 -0.132235423 15.624222755
-0.132972121 0.006875506 0.991095960 84.921958923 0.104150839 0.994536340 0.007074206 -0.703253984 -0.985632300 0.104164146 -0.132961690 15.375657082
-0.133815244 0.007689549 0.990976453 86.716659546 0.103469700 0.994612932 0.006254134 -0.700329363 -0.985589921 0.103372931 -0.133890033 15.134270668
-0.135366708 0.008148810 0.990761995 88.511840820 0.102454185 0.994720638 0.005816831 -0.699570179 -0.985484123 0.102295101 -0.135486946 14.904463768
-0.136302069 0.007183508 0.990641296 90.326828003 0.101276547 0.994835734 0.006720692 -0.699277759 -0.985476971 0.101244792 -0.136325672 14.665570259
-0.137681812 0.006978945 0.990451932 92.162467957 0.101388142 0.994821727 0.007084134 -0.695819020 -0.985273659 0.101395436 -0.137676403 14.425503731
-0.138229758 0.005970776 0.990382135 94.024337769 0.098996647 0.995057046 0.007818217 -0.692244709 -0.985440075 0.099125236 -0.138137609 14.172384262
-0.140124217 0.006679184 0.990111351 95.842979431 0.098873734 0.995073378 0.007280317 -0.693439841 -0.985184789 0.098916151 -0.140094236 13.931058884
-0.142324924 0.007637363 0.989790499 97.706619263 0.098220930 0.995143771 0.006444811 -0.685519397 -0.984934628 0.098135404 -0.142383933 13.659059525
-0.146718442 0.008542204 0.989141405 99.581268311 0.098536246 0.995115221 0.006021996 -0.678818643 -0.984258175 0.098349810 -0.146843448 13.391640663
-0.151261494 0.007605000 0.988464534 101.463150024 0.096505277 0.995307088 0.007110245 -0.675688088 -0.983771682 0.096467562 -0.151285559 13.114277840
-0.155887380 0.006893937 0.987750769 103.355850220 0.095094010 0.995435774 0.008060220 -0.673745990 -0.983186781 0.095185675 -0.155831456 12.823416710
-0.160339460 0.007377987 0.987034380 105.268585205 0.093754992 0.995564818 0.007788341 -0.677353919 -0.982599258 0.093788192 -0.160320014 12.515188217
-0.164875194 0.009101953 0.986272454 107.170043945 0.094123527 0.995539010 0.006547167 -0.676219404 -0.981813073 0.093910933 -0.164996400 12.207809448
-0.169546902 0.010798941 0.985462904 109.107673645 0.093735553 0.995583475 0.005217168 -0.678308666 -0.981054306 0.093257472 -0.169810280 11.874433517
-0.173779145 0.010927939 0.984723926 111.054832458 0.092772260 0.995673060 0.005322536 -0.681443989 -0.980405092 0.092280015 -0.174041018 11.523664474
-0.178451359 0.010739154 0.983890116 113.001205444 0.090865776 0.995847344 0.005610958 -0.682397008 -0.979744136 0.090403229 -0.178686157 11.178667068
-0.183204323 0.010341238 0.983020365 114.973632812 0.089441627 0.995972812 0.006191637 -0.682662070 -0.978997707 0.089057304 -0.183391497 10.809637070
-0.188877657 0.009657850 0.981953144 116.921676636 0.087955721 0.996098936 0.007121205 -0.677089274 -0.978053689 0.087713435 -0.188990265 10.460426331
-0.194063634 0.009584510 0.980942190 118.904815674 0.088519432 0.996044099 0.007780084 -0.673800051 -0.976987064 0.088342279 -0.194144338 10.067579269
-0.199277282 0.010744499 0.979884267 120.869705200 0.088884987 0.996016324 0.007154989 -0.680826187 -0.975903690 0.088522814 -0.199438423 9.684312820
-0.204968929 0.011727063 0.978698313 122.836341858 0.088494919 0.996054828 0.006598476 -0.681754410 -0.974759579 0.087962307 -0.205198094 9.286182404
-0.211047232 0.011813107 0.977404475 124.843612671 0.088756956 0.996027827 0.007126760 -0.674104512 -0.973437846 0.088255532 -0.211257398 8.875551224
-0.216712117 0.011720640 0.976165116 126.830825806 0.087563723 0.996130824 0.007479091 -0.669913471 -0.972300589 0.087097481 -0.216899872 8.446489334
-0.222052321 0.012373751 0.974956155 128.824661255 0.086640149 0.996214449 0.007089279 -0.666091025 -0.971177757 0.086044542 -0.222283781 8.003015518
-0.227510735 0.013076073 0.973687887 130.830780029 0.085883088 0.996282756 0.006687831 -0.665046930 -0.969981015 0.085144870 -0.227788046 7.553581238
-0.231832311 0.012340565 0.972677469 132.809265137 0.087113276 0.996165276 0.008124417 -0.666018486 -0.968847275 0.086616635 -0.232018337 7.086534500
-0.235314339 0.012417573 0.971839964 134.815032959 0.089506336 0.995946050 0.008946831 -0.655683637 -0.967789114 0.089091145 -0.235471815 6.589941025
-0.238723382 0.013207259 0.970997751 136.820693970 0.090816192 0.995828927 0.008782496 -0.650772095 -0.966831744 0.090278938 -0.238927066 6.088701248
-0.242028698 0.014020146 0.970167756 138.822097778 0.091222465 0.995795310 0.008366861 -0.644557357 -0.965971291 0.090526126 -0.242290005 5.593013763
-0.245504335 0.014154390 0.969292104 140.855529785 0.090755053 0.995837390 0.008444600 -0.641997337 -0.965137839 0.090041354 -0.245766982 5.086471558
-0.249151886 0.014730788 0.968352258 142.862426758 0.089848861 0.995923519 0.007967423 -0.642722487 -0.964287579 0.088990457 -0.249459773 4.558715820
-0.253953069 0.015339260 0.967094958 144.891677856 0.088893682 0.996012568 0.007544999 -0.644755125 -0.963122964 0.087884717 -0.254303992 4.036766052
-0.258366823 0.014519997 0.965937734 146.927978516 0.087116197 0.996163368 0.008327294 -0.643699646 -0.962110877 0.086300321 -0.258640558 3.504116058
-0.262802154 0.015090545 0.964731634 148.956985474 0.087495603 0.996130705 0.008252950 -0.638939381 -0.960874379 0.086578675 -0.263105690 2.955841064
-0.267829746 0.015217859 0.963346004 151.015045166 0.086631007 0.996205509 0.008348240 -0.640100121 -0.959563613 0.085691549 -0.268131703 2.398509979
-0.272753537 0.015630763 0.961956978 153.064865112 0.086307779 0.996234000 0.008284005 -0.635794520 -0.958204806 0.085283868 -0.273075432 1.835582733
-0.277254909 0.014845294 0.960681736 155.105377197 0.086181313 0.996234417 0.009477436 -0.641077995 -0.956923604 0.085420467 -0.277490228 1.256961823
-0.282081753 0.015037002 0.959272504 157.165618896 0.086936161 0.996164203 0.009948981 -0.634609461 -0.955443501 0.086201884 -0.282306969 0.672138214
-0.286864996 0.015567333 0.957844555 159.253982544 0.087171927 0.996143937 0.009917333 -0.631686807 -0.953996778 0.086342081 -0.287115753 0.073539734
-0.290644348 0.016996220 0.956680119 161.318603516 0.087790571 0.996098459 0.008974699 -0.624485850 -0.952795208 0.086595945 -0.291002423 -0.545909882
-0.294522017 0.018278249 0.955469906 163.385284424 0.087507255 0.996132433 0.007917843 -0.625928283 -0.951629817 0.085942544 -0.294982404 -1.171607971
-0.298356444 0.019899210 0.954247057 165.470306396 0.088511549 0.996051252 0.006903192 -0.622631073 -0.950341582 0.086521484 -0.298939615 -1.805992126
-0.301683426 0.020460963 0.953188539 167.557220459 0.087992825 0.996100128 0.006467567 -0.624400854 -0.949338913 0.085824914 -0.302307397 -2.459133148
-0.305567384 0.020487655 0.951949954 169.654205322 0.088262521 0.996073306 0.006894199 -0.628155828 -0.948070824 0.086128145 -0.306175798 -3.119911194
-0.309672475 0.020879969 0.950613916 171.744171143 0.088148765 0.996083796 0.006836678 -0.625266910 -0.946748495 0.085912555 -0.310300350 -3.785575867
-0.313851237 0.021993233 0.949217558 173.839462280 0.090364411 0.995885551 0.006803750 -0.625443578 -0.945162237 0.087910838 -0.314547360 -4.474479675
-0.317210436 0.022080395 0.948098063 175.935958862 0.092267111 0.995704651 0.007681218 -0.626743197 -0.943856001 0.089914858 -0.317885220 -5.174884796
-0.319564670 0.022146707 0.947305620 178.003250122 0.093745090 0.995561361 0.008349170 -0.625167847 -0.942915857 0.091473356 -0.320222318 -5.870956421
-0.322642624 0.021631956 0.946273625 180.086975098 0.092885017 0.995637000 0.008909781 -0.617906213 -0.941952288 0.090769321 -0.323244214 -6.574752808
-0.325610101 0.022313766 0.945240915 182.191955566 0.092367783 0.995690167 0.008313528 -0.617112637 -0.940981448 0.090016760 -0.326267928 -7.294616699
-0.328268528 0.024364857 0.944270134 184.290832520 0.091635719 0.995773673 0.006162699 -0.615577102 -0.940128982 0.088551909 -0.329113841 -8.020484924
-0.331637383 0.026577270 0.943032503 186.407608032 0.091511570 0.995795488 0.004117713 -0.615391433 -0.938958228 0.087663978 -0.332675189 -8.756324768
-0.334908992 0.027252149 0.941856205 188.522811890 0.090560861 0.995885193 0.003386551 -0.629478693 -0.937888443 0.086429499 -0.335998893 -9.500759125
-0.338894248 0.028668420 0.940387487 190.683685303 0.089038968 0.996026635 0.001722996 -0.631628215 -0.936601698 0.084315054 -0.340100348 -10.258327484
-0.342020333 0.029014403 0.939244509 192.809173584 0.089951135 0.995944202 0.001989257 -0.643862307 -0.935377300 0.085166484 -0.343243092 -11.042469025
-0.346548527 0.027840834 0.937618792 194.984054565 0.089029260 0.996023357 0.003330602 -0.651270092 -0.933797538 0.084629714 -0.347649187 -11.818801880
-0.350680202 0.027480399 0.936092019 197.145233154 0.088881522 0.996034086 0.004056850 -0.655025780 -0.932267904 0.084623963 -0.351731896 -12.614086151
-0.355112046 0.027290145 0.934425294 199.302520752 0.088457473 0.996069670 0.004526233 -0.658845782 -0.930629194 0.084264226 -0.356130362 -13.418716431
-0.359053671 0.027695877 0.932905853 201.454956055 0.087804809 0.996128678 0.004221202 -0.666689157 -0.929177463 0.083429255 -0.360095590 -14.232059479
-0.363046974 0.028065739 0.931348085 203.613616943 0.086976513 0.996202707 0.003884043 -0.681993544 -0.927702546 0.082415506 -0.364109486 -15.064796448
-0.366603881 0.028658655 0.929935634 205.783767700 0.086539693 0.996242583 0.003414016 -0.690013349 -0.926343620 0.081727937 -0.367706478 -15.904815674
-0.369581848 0.029314796 0.928735554 207.906433105 0.088007949 0.996113360 0.003580432 -0.709494710 -0.925020993 0.083059385 -0.370725334 -16.746826172
-0.372114807 0.028713221 0.927742481 210.046798706 0.088837780 0.996034503 0.004805742 -0.725583911 -0.923925459 0.084206879 -0.373190045 -17.605911255
-0.374959558 0.028477656 0.926603675 212.221176147 0.090252995 0.995901287 0.005914397 -0.732118011 -0.922637284 0.085846439 -0.375992954 -18.483909607
-0.377533555 0.029344272 0.925530851 214.386550903 0.091779910 0.995762050 0.005866988 -0.742377162 -0.921436310 0.087160125 -0.378626734 -19.371200562
-0.380730420 0.030193247 0.924192965 216.571090698 0.091745198 0.995768607 0.005263733 -0.753294587 -0.920123458 0.086794332 -0.381889552 -20.256229401
-0.383559227 0.030363237 0.923017025 218.743728638 0.090860404 0.995851099 0.004997825 -0.761531115 -0.919035792 0.085782662 -0.384726614 -21.148860931
-0.386659980 0.031732630 0.921676219 220.911941528 0.090696022 0.995871544 0.003761515 -0.774755836 -0.917751670 0.085046805 -0.387941718 -22.051315308
-0.389591485 0.032988843 0.920396745 223.088714600 0.090661138 0.995878100 0.002681397 -0.785804152 -0.916514516 0.084488884 -0.390976518 -22.966979980
-0.392424434 0.032664910 0.919204056 225.255523682 0.088197745 0.996100366 0.002255665 -0.806205332 -0.915545881 0.081956893 -0.393775135 -23.877071381
-0.396048307 0.033748593 0.917609274 227.427398682 0.089128949 0.996018410 0.001836465 -0.822559595 -0.913893759 0.082512893 -0.397479385 -24.798156738
-0.398650378 0.033401031 0.916494548 229.577148438 0.090294138 0.995910823 0.002980217 -0.840959966 -0.912647188 0.083942160 -0.400036067 -25.731742859
-0.401636392 0.032310758 0.915228963 231.739227295 0.090468138 0.995889008 0.004542433 -0.858595967 -0.911319792 0.084623456 -0.402908385 -26.669185638
-0.404935330 0.032029226 0.913784206 233.859191895 0.089327097 0.995991290 0.004673809 -0.868328810 -0.909971476 0.083518267 -0.406173110 -27.596298218
-0.408197820 0.031840716 0.912338018 235.991394043 0.087881178 0.996120572 0.004555021 -0.887956619 -0.908653617 0.082036689 -0.409412503 -28.541839600
-0.412117183 0.031358503 0.910591066 238.173004150 0.086328946 0.996255219 0.004762362 -0.897613645 -0.907031834 0.080573030 -0.413280994 -29.510749817
-0.416161925 0.030843562 0.908767223 240.334335327 0.085496843 0.996324122 0.005337295 -0.909334540 -0.905262113 0.079917908 -0.417269260 -30.477005005
-0.419932246 0.031191865 0.907019198 242.479034424 0.085276954 0.996343553 0.005217895 -0.923632741 -0.903540134 0.079539016 -0.421056718 -31.460014343
-0.423991621 0.030512191 0.905152023 244.629364014 0.084298037 0.996423125 0.005898026 -0.935785770 -0.901734412 0.078803249 -0.425047100 -32.451972961
-0.428382427 0.029886585 0.903103054 246.788879395 0.082952678 0.996533275 0.006369706 -0.947575688 -0.899781823 0.077643484 -0.429376423 -33.448646545
-0.432317793 0.029846225 0.901227236 248.904998779 0.082077049 0.996605575 0.006367379 -0.953471065 -0.897978127 0.076722808 -0.433300048 -34.451438904
-0.435973823 0.030854765 0.899430275 251.048477173 0.082685128 0.996558309 0.005892602 -0.969299674 -0.896152794 0.076938532 -0.437024593 -35.475219727
-0.440071404 0.030807279 0.897434175 253.137359619 0.082216263 0.996595740 0.006104751 -0.988211751 -0.894191086 0.076470204 -0.441106111 -36.473632812
-0.443865448 0.030878743 0.895561278 255.260192871 0.082188427 0.996596456 0.006372501 -0.997473240 -0.892316401 0.076433301 -0.444892585 -37.511177063
-0.448186755 0.031053899 0.893400371 257.383148193 0.080744341 0.996717632 0.005861404 -1.009765506 -0.890285909 0.074764028 -0.449223131 -38.546463013
-0.452064335 0.031650230 0.891423643 259.494628906 0.081555694 0.996650815 0.005972685 -1.022143006 -0.888249040 0.075400710 -0.453131616 -39.604324341
-0.455871165 0.032259531 0.889461100 261.606262207 0.081634618 0.996646047 0.005692821 -1.015641570 -0.886294127 0.075205997 -0.456975758 -40.678779602
-0.459513068 0.033587188 0.887535691 263.717346191 0.082834847 0.996549845 0.005174319 -1.016969442 -0.884299695 0.075896554 -0.460709900 -41.759307861
-0.463194013 0.035980746 0.885526180 265.836120605 0.085409850 0.996336997 0.004192297 -1.024518371 -0.882131755 0.077574514 -0.464570552 -42.862167358
-0.466205329 0.036513072 0.883922756 267.955200195 0.086562365 0.996236265 0.004502871 -1.037400603 -0.880431473 0.078613706 -0.467611313 -43.975250244
-0.469313353 0.038737949 0.882181525 270.070861816 0.088391677 0.996080399 0.003284228 -1.040608048 -0.878596425 0.079518825 -0.470898032 -45.098808289
-0.472108334 0.041280910 0.880573452 272.195770264 0.090130679 0.995928526 0.001633699 -1.055738449 -0.876920760 0.080137931 -0.473906904 -46.214141846
-0.475548029 0.041438673 0.878713250 274.332122803 0.090440892 0.995899856 0.001980430 -1.065197945 -0.875028312 0.080413416 -0.477345884 -47.338508606
-0.479055256 0.042629778 0.876748979 276.478790283 0.090852514 0.995863616 0.001220348 -1.079278946 -0.873070359 0.080239460 -0.480946720 -48.480056763
-0.482636601 0.042119730 0.874807298 278.626434326 0.089530803 0.995983005 0.001440658 -1.088356972 -0.871232569 0.079017520 -0.484468848 -49.651763916
-0.485983342 0.043777391 0.872870982 280.774139404 0.090768062 0.995871902 0.000590108 -1.098060846 -0.869241834 0.079515576 -0.487950683 -50.831802368
-0.489068091 0.043913770 0.871139407 282.912597656 0.089860342 0.995954335 0.000243052 -1.108142257 -0.867604494 0.078399777 -0.491035551 -52.029724121
-0.491841763 0.043599039 0.869592369 285.051849365 0.088231876 0.996099889 -0.000037823 -1.119458914 -0.866202533 0.076707155 -0.493770331 -53.228416443
-0.493835002 0.044940125 0.868393540 287.171264648 0.090451822 0.995900810 -0.000100913 -1.125332713 -0.864838421 0.078497939 -0.495875597 -54.440032959
-0.496170223 0.044901129 0.867063284 289.344818115 0.092021517 0.995756567 0.001093064 -1.143340588 -0.863334894 0.080330849 -0.498196483 -55.663764954
-0.498114169 0.045093834 0.865938127 291.485321045 0.092928991 0.995671451 0.001605896 -1.149127007 -0.862117410 0.081270672 -0.500148594 -56.898445129
-0.499868631 0.044306614 0.864967167 293.634857178 0.092503600 0.995709240 0.002454591 -1.161255002 -0.861147165 0.081239559 -0.501822412 -58.132675171
-0.502428412 0.043878760 0.863504589 295.831848145 0.092004575 0.995754182 0.002933685 -1.160250425 -0.859709740 0.080920339 -0.504332244 -59.387138367
-0.505074322 0.044948682 0.861904621 298.039428711 0.093876041 0.995579123 0.003091308 -1.155463696 -0.857955277 0.082473531 -0.507061005 -60.674446106
-0.507466495 0.044389568 0.860527337 300.224487305 0.093710922 0.995591700 0.003906059 -1.159848928 -0.856560588 0.082623012 -0.509389281 -61.947868347
-0.509573877 0.045151625 0.859241545 302.418273926 0.093418300 0.995622158 0.003083610 -1.170692444 -0.855340540 0.081840202 -0.511561096 -63.239425659
-0.512546718 0.047553878 0.857341468 304.605712891 0.092930138 0.995672584 0.000330038 -1.178093553 -0.853615642 0.079842009 -0.514747977 -64.517135620
-0.515595436 0.046827890 0.855551541 306.800720215 0.091198973 0.995832503 0.000454752 -1.189119339 -0.851964712 0.078259900 -0.517717481 -65.836730957
-0.520063221 0.044859178 0.852949083 308.976837158 0.088825054 0.996045649 0.001773667 -1.199307919 -0.849496543 0.076685660 -0.521991432 -67.134483337
-0.525406837 0.042009171 0.849813461 311.182342529 0.086396851 0.996252060 0.004167705 -1.213190436 -0.846453369 0.075610943 -0.527067125 -68.460350037
-0.529823780 0.040812019 0.847125173 313.376861572 0.085332170 0.996338010 0.005369273 -1.215963364 -0.843803883 0.075131796 -0.531366289 -69.820007324
-0.534745216 0.041007310 0.844017684 315.628265381 0.085632525 0.996309638 0.005847765 -1.214800358 -0.840663075 0.075402439 -0.536283433 -71.204643250
-0.538489580 0.043200515 0.841524005 317.841491699 0.088703409 0.996042192 0.005628265 -1.215211391 -0.837950289 0.077676810 -0.540190399 -72.621726990
-0.541994512 0.044045027 0.839227021 320.070159912 0.089111067 0.996007740 0.005276926 -1.206193566 -0.835644186 0.077644497 -0.543755591 -74.072052002
-0.546088338 0.044298880 0.836555362 322.281707764 0.090403087 0.995885491 0.006277491 -1.220606923 -0.832835376 0.079055265 -0.547846138 -75.501403809
-0.549775124 0.043437883 0.834182501 324.466247559 0.091374464 0.995781422 0.008368387 -1.228188992 -0.830299973 0.080823712 -0.551424980 -76.957138062
-0.553924084 0.040896576 0.831562102 326.679931641 0.088664114 0.996010542 0.010077126 -1.222756386 -0.827832580 0.079311654 -0.555340350 -78.425178528
-0.558748007 0.040592581 0.828343451 328.884735107 0.087812640 0.996082485 0.010420282 -1.226173401 -0.824675441 0.078561336 -0.560123682 -79.865768433
-0.563016474 0.040551342 0.825450182 331.069702148 0.087918535 0.996066511 0.011033661 -1.225433350 -0.821755946 0.078784488 -0.564367115 -81.340728760
-0.567066252 0.040758274 0.822663188 333.244842529 0.088893265 0.995969713 0.011929976 -1.220377922 -0.818861485 0.079894289 -0.568403900 -82.812995911
-0.571621716 0.040441662 0.819519997 335.446044922 0.089199796 0.995927989 0.013070537 -1.207656860 -0.815654218 0.080572411 -0.572901487 -84.317153931
-0.574771047 0.039540578 0.817358434 337.639770508 0.087882437 0.996037781 0.013615038 -1.195690632 -0.813581586 0.079656981 -0.575968564 -85.855194092
-0.577535689 0.039007306 0.815432847 339.825836182 0.088016972 0.996010542 0.014693122 -1.181274891 -0.811606765 0.080257736 -0.578664958 -87.402267456
-0.579897165 0.038708363 0.813769519 341.999267578 0.088869870 0.995915532 0.015956778 -1.168053627 -0.809827924 0.081572883 -0.580968618 -88.947761536
-0.582493544 0.037823070 0.811954916 344.187500000 0.086435013 0.996135175 0.015605454 -1.154378414 -0.808226764 0.079271413 -0.583511531 -90.517005920
-0.585421085 0.037062045 0.809881806 346.313964844 0.082738221 0.996470034 0.014206374 -1.139323711 -0.806496441 0.075324886 -0.586421072 -92.029571533
-0.588938892 0.036240499 0.807364583 348.456970215 0.079270087 0.996767342 0.013081940 -1.124782085 -0.804280579 0.071704328 -0.589907825 -93.544944763
-0.591392875 0.033255957 0.805697560 350.583129883 0.076949269 0.996917129 0.015333065 -1.119273663 -0.802703738 0.071065702 -0.592128694 -95.114814758
-0.594771028 0.033063266 0.803214967 352.735351562 0.078097753 0.996804178 0.016798340 -1.103054523 -0.800092638 0.072720453 -0.595452368 -96.682098389
-0.597382963 0.033458948 0.801257789 354.864379883 0.077336475 0.996876299 0.016031118 -1.079523563 -0.798218429 0.071543179 -0.598104417 -98.268562317
-0.600579143 0.032062028 0.798922241 357.041656494 0.075035281 0.997046232 0.016393719 -1.065997124 -0.796036720 0.069793090 -0.601210892 -99.872001648
-0.603843987 0.028123174 0.796606243 359.204376221 0.072464705 0.997175872 0.019725712 -1.050768375 -0.793801785 0.069637075 -0.604176641 -101.484283447
-0.606977999 0.025842404 0.794298410 361.367279053 0.070056550 0.997320056 0.021087332 -1.022511959 -0.791624963 0.068445340 -0.607161760 -103.106094360
-0.610102534 0.024901127 0.791931093 363.540313721 0.068460897 0.997424722 0.021379586 -0.989772797 -0.789359212 0.067260064 -0.610236108 -104.742141724
-0.612980127 0.025132565 0.789698482 365.683837891 0.068062425 0.997458220 0.021086825 -0.961261272 -0.787161291 0.066674598 -0.613132656 -106.364562988
-0.615718365 0.024676032 0.787579715 367.811767578 0.068090692 0.997437060 0.021981154 -0.938458920 -0.785018802 0.067161053 -0.615820587 -108.003524780
-0.618490517 0.023738984 0.785433590 369.931701660 0.067589574 0.997446239 0.023076620 -0.915371895 -0.782880008 0.067359783 -0.618515611 -109.642585754
-0.621307611 0.022287719 0.783249676 372.061126709 0.064331152 0.997671723 0.022641066 -0.886640549 -0.780921459 0.064454421 -0.621294856 -111.298347473
-0.624252260 0.018719461 0.780998409 374.185150146 0.054532286 0.998318374 0.019659346 -0.863648891 -0.779317200 0.054862022 -0.624223530 -112.962066650
-0.627506673 0.021241104 0.778321385 376.307312012 0.047157422 0.998829484 0.010760791 -0.852931976 -0.777181804 0.043456089 -0.627773881 -114.629280090
-0.630150080 0.031472355 0.775835276 378.418762207 0.057286520 0.998339534 0.006030931 -0.855252504 -0.774357259 0.048245292 -0.630906701 -116.325187683
-0.631348431 0.032597307 0.774813890 380.529907227 0.064580142 0.997855783 0.010641470 -0.861183167 -0.772805631 0.056756079 -0.632099807 -118.025482178
-0.633296490 0.023452837 0.773553848 382.629913330 0.063814893 0.997719347 0.021995112 -0.844425201 -0.771273792 0.063293681 -0.633348763 -119.733131409
-0.636596859 0.012820114 0.771090150 384.744750977 0.057321899 0.997882605 0.030733071 -0.795986176 -0.769063473 0.063764930 -0.635983765 -121.429779053
-0.640299797 0.006468143 0.768097937 386.831909180 0.050895620 0.998124421 0.034022264 -0.737927437 -0.766437173 0.060877256 -0.639427960 -123.113075256
-0.642341375 0.006029397 0.766394854 388.878967285 0.049905296 0.998175919 0.033974454 -0.676129341 -0.764791965 0.060070369 -0.641470671 -124.813827515
-0.644865632 0.011390455 0.764211059 390.962890625 0.055522688 0.997945249 0.031977583 -0.629561424 -0.762276590 0.063052297 -0.644172907 -126.546325684
-0.646804631 0.017939689 0.762444675 392.989990234 0.060044359 0.997817934 0.027459610 -0.580968857 -0.760288298 0.063541502 -0.646470487 -128.250946045
-0.649092257 0.021060377 0.760418177 395.043792725 0.061362673 0.997808695 0.024744030 -0.544098854 -0.758230746 0.062722437 -0.648962259 -129.993438721
-0.652272165 0.020915631 0.757696331 397.080688477 0.061358627 0.997795582 0.025277929 -0.507070541 -0.755497277 0.062979281 -0.652117729 -131.728271484
-0.654461026 0.020327926 0.755822480 399.090637207 0.062228449 0.997695327 0.027050015 -0.465940475 -0.753530800 0.064736836 -0.654217601 -133.464904785
-0.656195462 0.019932527 0.754327655 401.109008789 0.063045017 0.997604191 0.028482428 -0.416545868 -0.751952648 0.066246644 -0.655879974 -135.224487305
-0.657500148 0.019890644 0.753191829 403.141052246 0.063133866 0.997590423 0.028767996 -0.371431351 -0.750804603 0.066466883 -0.657171607 -136.988357544
-0.658446908 0.020169204 0.752356887 405.177368164 0.063517198 0.997563779 0.028846202 -0.322921753 -0.749942124 0.066781290 -0.658123910 -138.754974365
-0.659963787 0.021133810 0.751000106 407.210540771 0.064479932 0.997509301 0.028592870 -0.274758339 -0.748525321 0.067294694 -0.659682691 -140.527679443
-0.660850823 0.020434495 0.750239074 409.226898193 0.065620810 0.997374117 0.030636553 -0.225445747 -0.747642994 0.069477476 -0.660456598 -142.297058105
-0.662063777 0.020230426 0.749174416 411.261718750 0.068067312 0.997127295 0.033226695 -0.175461769 -0.746350050 0.072992481 -0.661538899 -144.090850830
-0.663060486 0.019887762 0.748301566 413.280700684 0.069682546 0.996946216 0.035248782 -0.115902901 -0.745315373 0.075515628 -0.662421525 -145.867034912
-0.664526582 0.020328522 0.746988058 415.292266846 0.068439856 0.997084141 0.033750016 -0.053840637 -0.744123876 0.073551528 -0.663980246 -147.635726929
-0.666130662 0.020425871 0.745555282 417.290924072 0.064770386 0.997432590 0.030543823 -0.000605583 -0.743017316 0.068636075 -0.665743470 -149.395996094
-0.667975128 0.019729929 0.743921995 419.284637451 0.061777227 0.997668207 0.029010732 0.047660828 -0.741614997 0.065335885 -0.667636395 -151.151153564
-0.669403970 0.019021904 0.742654979 421.283264160 0.061439063 0.997665107 0.029825512 0.095494270 -0.740353525 0.065593347 -0.669009745 -152.932220459
-0.670730948 0.017520668 0.741493702 423.287139893 0.059039880 0.997809887 0.029828416 0.143644333 -0.739347100 0.063784547 -0.670296431 -154.722015381
-0.672104359 0.016204279 0.740279078 425.304931641 0.055915613 0.998016596 0.028920159 0.190729141 -0.738342106 0.060830519 -0.671677411 -156.512084961
-0.673161685 0.015452787 0.739333808 427.287567139 0.054482568 0.998100877 0.028744992 0.239734650 -0.737485528 0.059630826 -0.672725320 -158.286560059
-0.673637927 0.014512806 0.738918960 429.248962402 0.055684436 0.997961938 0.031164329 0.291125298 -0.736960828 0.062139764 -0.673073053 -160.065673828
-0.672932684 0.013893127 0.739573181 431.197418213 0.058600388 0.997682512 0.034578308 0.350947380 -0.737378716 0.066608153 -0.672187388 -161.847045898
-0.671968997 0.012833811 0.740468025 433.186340332 0.063457996 0.997170329 0.040304679 0.417598724 -0.737855375 0.074072115 -0.670881987 -163.651748657
-0.670957685 0.011759995 0.741402388 435.175781250 0.066491224 0.996800244 0.044362456 0.497650146 -0.738508403 0.079062074 -0.669592798 -165.426635742
-0.669722557 0.009330366 0.742552638 437.149780273 0.060596254 0.997273207 0.042121939 0.583114624 -0.740134835 0.073205940 -0.668461740 -167.171936035
-0.669408739 0.008467446 0.742845953 439.139343262 0.053572457 0.997881889 0.036901813 0.656253815 -0.740960121 0.064498492 -0.668444455 -168.926925659
-0.668119907 0.005998972 0.744029403 441.132446289 0.048773814 0.998169839 0.035749625 0.712484360 -0.742453277 0.060174197 -0.667189777 -170.682434082
-0.666263342 0.005905755 0.745693147 443.127441406 0.046788719 0.998329461 0.033898294 0.774999619 -0.744247258 0.057475224 -0.665426672 -172.413284302
-0.664186537 0.006818525 0.747535944 445.121032715 0.048965480 0.998207867 0.034400895 0.834763527 -0.745961547 0.059452068 -0.663329959 -174.160110474
-0.661149144 0.006994730 0.750221908 447.105377197 0.049804591 0.998160005 0.034584962 0.899052620 -0.748599589 0.060230304 -0.660281003 -175.902282715
-0.658564210 0.007906100 0.752483010 449.085266113 0.047927693 0.998355389 0.031456355 0.952610016 -0.750996768 0.056780811 -0.657860041 -177.622344971
-0.656864762 0.003021266 0.754002273 451.093109131 0.041197676 0.998642027 0.031888690 1.008646011 -0.752881944 0.052009705 -0.656097293 -179.355117798
-0.655891001 -0.003309379 0.754848361 453.098510742 0.032114096 0.998962700 0.032283686 1.061769485 -0.754172206 0.045415845 -0.655104339 -181.057891846
-0.655282795 -0.006910318 0.755352020 455.117126465 0.025089614 0.999207318 0.030906957 1.111461639 -0.754966855 0.039204288 -0.654590011 -182.773208618
-0.654462814 -0.007575969 0.756056309 457.130981445 0.023200486 0.999277711 0.030096104 1.160144806 -0.755738139 0.037237655 -0.653814137 -184.497497559
-0.653763235 -0.007446516 0.756662488 459.148956299 0.025350118 0.999174774 0.031735882 1.209114075 -0.756274223 0.039929237 -0.653035045 -186.210525513
-0.652818203 -0.008715841 0.757464588 461.170013428 0.026146527 0.999078751 0.034030285 1.264148712 -0.757063210 0.042020660 -0.651988745 -187.902297974
-0.651443958 -0.010306871 0.758626878 463.157470703 0.025433635 0.999049067 0.035413537 1.330969810 -0.758270323 0.042364571 -0.650562167 -189.599456787
-0.651084840 -0.010707278 0.758929431 465.187408447 0.023388769 0.999142468 0.034161508 1.387952805 -0.758644521 0.039992463 -0.650276184 -191.291320801
-0.650391579 -0.009777106 0.759536088 467.216583252 0.021966508 0.999256790 0.031672843 1.451128960 -0.759281397 0.037284106 -0.649693429 -193.000305176
-0.649665177 -0.008179940 0.760176480 469.229949951 0.023025619 0.999271631 0.030430991 1.499977112 -0.759871721 0.037273493 -0.649003625 -194.693542480
-0.648584902 -0.007840436 0.761101842 471.238861084 0.024973927 0.999189258 0.031575006 1.548133850 -0.760732353 0.039486773 -0.647863388 -196.383880615
